基本知识：
1、心率和心律的区别：
	心率是心脏搏动的频率，比如心跳120次，就是心率过快（心动过速），心跳50次就是心动过缓；正常心率是60到100次/分钟。
	心律除了频率还包括节律，心跳时快时慢，就是节律异常。心电图可以用来检查心律失常，有时候心律失常不易察觉，需要作24小时心电图检查。


前 3552byte （此段数据的分析结果）
{
Year(1byte) :year=08代表2008
Month(1byte) :month=10表示十月
Day(1byte) :
Hour(1byte) :
Minute(1byte) :
Second(1byte) :
UserID(1byte) :用户ID,0-3
isRight(1byte) :波形判断结果
		Bit7-6    :表示这段数据的ST段是否正常,0-正常，1-ST段抬高，2-ST段压低
		Bit5      :0-没有发现心律失常，-心律失常
		Bit4      :0-波形质量正常，1-波形质量过差
		Bit3-Bit1 :000-心率正常，001-心率稍慢，010-心律过慢，011-心律稍快，100-心律过快，101-导连脱落
		Bit0      :整体波形是否正常，如果bit5-bit1代表的意义都正常，此位为0，否则为1
Howmany(1byte) :这个数组表中有多少个R波被检测到，从1开始计数
unused(2byte) :不管用，这个是下位机在Flash中标定删除
HowmanySuccess(1byte) ：从1开始计数，多少个波形成功分析
AVR_HeartRate(2byte) :此次心电记录的心率信息，如：600表示心率60,605表示心率60.5
AVR_PR(2byte) :此次检测全局的PR间期
AVR_QT(2byte) :此次检测的平均QT间期
AVR_Rvolt(2byte) :此次检测的平均R波电压  (l16?)
AVR_Pvolt(2byte) :此次检测的平均p波电压
AVR_Tvolt(2byte) :此次检测平均t波电压
AVR_STvolt(2byte) :ST段平均电压
*HeartData(4byte) ://不用管，没有用到，这里占用32bit宽度，指针地址

QRS_struct Save_QRSStruct[MaxRCount] :针对每一次发现R波的详细分析数据
此结构基本可以不用理睬，在我们的软件中都没有使用到，是每一次心跳波形的详细分析结果
}



0F 02 04 15 39 0B 83 31 0F 00 01 00 00 00 A0 02 00 00 00 00 00 00 00 00 00 00 00 00 00 40 1E 64 00 00 00 00 7A 02 00 00 00 00 00 00 00 00 00 00 00 00 00 00 00 00 00 00 00 00 00 00 00 00 00 00 00 00 00 00 00 00 00 00 00 00 00 00 01 00 F7 FF 96 03 00 00 F7 09 9B 07 1C 01 A8 00 5C 02 4A 0B 00 00 00 00 00 00 00 00 00 00 00 00 00 00 00 00 00 00 00 00 00 00 00 00 02 00 F7 FF 3E 04 00 00 65 09 68 08 A8 00 EA 00 FD 00 08 0E 00 00 00 00 00 00 00 00 00 00 00 00 00 00 00 00 00 00 00 00 00 00 00 00 03 00 F7 FF 28 05 00 00 40 08 42 09 EA 00 1D 01 FE FE 0B 0A 00 00 00 00 00 00 00 00 00 00 00 00 00 00 00 00 00 00 00 00 00 00 00 00 04 00 F7 FF 45 06 00 00 6B 07 C9 08 1D 01 B7 00 A2 FE C4 0A 00 00 00 00 00 00 00 00 00 00 00 00 00 00 00 00 00 00 00 00 00 00 00 00 05 00 F7 FF FC 06 00 00 16 0A 1C 09 B7 00 96 00 FA 00 74 0F 00 00 00 00 00 00 00 00 00 00 00 00 00 00 00 00 00 00 00 00 00 00 00 00 06 00 F7 FF 92 07 00 00 27 08 37 08 96 00 64 00 F0 FF 87 11 00 00 00 00 00 00 00 00 00 00 00 00 00 00 00 00 00 00 00 00 00 00 00 00 07 00 F7 FF F6 07 00 00 62 07 61 08 64 00 4E 00 01 FF A9 0F 00 00 00 00 00 00 00 00 00 00 00 00 00 00 00 00 00 00 00 00 00 00 00 00 08 00 F7 FF 44 08 00 00 5C 07 24 00 4E 00 74 00 38 07 C4 00 00 00 00 00 00 00 00 00 00 00 00 00 00 00 00 00 00 00 00 00 00 00 00 00 09 00 F7 FF B8 08 00 00 73 09 6A 08 74 00 E6 00 09 01 22 0D 00 00 00 00 00 00 00 00 00 00 00 00 00 00 00 00 00 00 00 00 00 00 00 00 0A 00 F6 FF 9E 09 00 00 01 09 D2 00 E6 00 D8 06 21 00 8B 02 00 00 00 00 00 00 00 00 00 00 00 00 00 00 00 00 00 00 00 00 00 00 00 00 0B 00 F6 FF 76 10 00 00 B8 07 2D 01 D8 06 EF 01 85 FF 52 01 00 00 00 00 00 00 00 00 00 00 00 00 00 00 00 00 00 00 00 00 00 00 00 00 0C 00 F7 FF 65 12 00 00 10 04 49 03 EF 01 87 00 C7 00 F3 00 00 00 00 00 00 00 00 00 00 00 00 00 00 00 00 00 00 00 00 00 00 00 00 00 0D 00 F7 FF EC 12 00 00 61 01 A3 01 87 00 C0 01 BE FF 20 01 00 00 00 00 00 00 00 00 00 00 00 00 00 00 00 00 00 00 00 00 00 00 00 00 0E 00 F7 FF AC 14 00 00 D0 00 75 03 76 00 45 00 5B FD 7B 05 00 00 00 00 00 00 00 00 00 00 00 00 00 00 00 00 00 00 00 00 00 00 00 00 0F 00 F6 FF 6C 08 00 00 CB 01 00 00 45 00 19 00 00 00 00 00 00 00 00 00 00 00 00 00 00 00 00 00 00 00 00 00 00 00 00 00 00 00 00 00 10 00 F6 FF F1 10 00 00 1F 05 00 00 19 00 01 00 00 00 00 00 00 00 00 00 00 00 00 00 00 00 00 00 00 00 00 00 00 00 00 00 00 00 00 00 11 00 F6 FF F2 10 00 00 27 05 00 00 01 00 02 01 00 00 00 00 00 00 00 00 00 00 00 00 00 00 00 00 00 00 00 00 00 00 00 00 00 00 00 00 12 00 F7 FF F4 11 00 00 13 03 4F 06 02 01 5B 00 C4 FC 77 01 00 00 00 00 00 00 00 00 00 00 00 00 00 00 00 00 00 00 00 00 00 00 00 00 13 00 F6 FF 4F 12 00 00 AE 03 00 00 5B 00 75 02 00 00 00 00 00 00 00 00 00 00 00 00 00 00 00 00 00 00 00 00 00 00 00 00 00 00 00 00 14 00 00 00 C5 14 00 00 00 00 00 00 00 00 00 00 00 00 00 00 00 00 00 00 00 00 00 00 00 00 00 00 00 00 00 00 00 00 00 00 00 00 00 00 00 00 00 00 00 00 00 00 00 00 00 00 00 00 00 00 00 00 00 00 00 00 00 00 00 00 00 00 00 00 00 00 00 00 00 00 00 00 00 00 00 00 00 00 00 00 00 00 00 00 00 00 00 00 00 00 00 00 00 00 00 00 00 00 00 00 00 00 00 00 00 00 00 00 00 00 00 00 00 00 00 00 00 00 00 00 00 00 00 00 00 00 00 00 00 00 00 00 00 00 00 00 00 00 00 00 00 00 00 00 00 00 00 00 00 00 00 00 00 00 00 00 00 00 00 00 00 00 00 00 00 00 00 00 00 00 00 00 00 00 00 00 00 00 00 00 00 00 00 00 00 00 00 00 00 00 00 00 00 00 00 00 00 00 00 00 00 00 00 00 00 00 00 00 00 00 00 00 00 00 00 00 00 00 00 00 00 00 00 00 00 00 00 00 00 00 00 00 00 00 00 00 00 00 00 00 00 00 00 00 00 00 00 00 00 00 00 00 00 00 00 00 00 00 00 00 00 00 00 00 00 00 00 00 00 00 00 00 00 00 00 00 00 00 00 00 00 00 00 00 00 00 00 00 00 00 00 00 00 00 00 00 00 00 00 00 00 00 00 00 00 00 00 00 00 00 00 00 00 00 00 00 00 00 00 00 00 00 00 00 00 00 00 00 00 00 00 00 00 00 00 00 00 00 00 00 00 00 00 00 00 00 00 00 00 00 00 00 00 00 00 00 00 00 00 00 00 00 00 00 00 00 00 00 00 00 00 00 00 00 00 00 00 00 00 00 00 00 00 00 00 00 00 00 00 00 00 00 00 00 00 00 00 00 00 00 00 00 00 00 00 00 00 00 00 00 00 00 00 00 00 






